[
    {
        "id": "0000081f-bc84-4e92-aedd-656cc20692df",
        "created": 1624697635000,
        "lastEdited": 1624697635000,
        "deprecated": false,
        "digest": "1e5e4020eb664e9973f5f5cec7051647f593b7bf",
        "molfile": "\n  Marvin  01132100192D          \n\n 25 27  0  0  0  0            999 V2000\n    3.0057    1.5780    0.0000 N   0  0  0  0  0  0  0  0  0  0  0  0\n    3.8127    1.7495    0.0000 N   0  0  0  0  0  0  0  0  0  0  0  0\n    4.2252    1.0350    0.0000 C   0  0  0  0  0  0  0  0  0  0  0  0\n    3.6732    0.4219    0.0000 C   0  0  0  0  0  0  0  0  0  0  0  0\n    2.9195    0.7575    0.0000 C   0  0  0  0  0  0  0  0  0  0  0  0\n    2.2050    0.3450    0.0000 C   0  0  0  0  0  0  0  0  0  0  0  0\n    2.2050   -0.4800    0.0000 O   0  0  0  0  0  0  0  0  0  0  0  0\n    1.4906    0.7575    0.0000 N   0  0  0  0  0  0  0  0  0  0  0  0\n    0.7761    0.3450    0.0000 C   0  0  0  0  0  0  0  0  0  0  0  0\n    0.7761   -0.4800    0.0000 C   0  0  0  0  0  0  0  0  0  0  0  0\n    0.0616   -0.8925    0.0000 C   0  0  0  0  0  0  0  0  0  0  0  0\n   -0.6529   -0.4800    0.0000 C   0  0  0  0  0  0  0  0  0  0  0  0\n   -0.6529    0.3450    0.0000 C   0  0  0  0  0  0  0  0  0  0  0  0\n    0.0616    0.7575    0.0000 C   0  0  0  0  0  0  0  0  0  0  0  0\n   -1.3673   -0.8925    0.0000 N   0  0  0  0  0  0  0  0  0  0  0  0\n   -2.0818   -0.4800    0.0000 N   0  0  0  0  0  0  0  0  0  0  0  0\n   -2.7963   -0.8925    0.0000 C   0  0  0  0  0  0  0  0  0  0  0  0\n   -2.7963   -1.7175    0.0000 C   0  0  0  0  0  0  0  0  0  0  0  0\n   -3.5107   -2.1300    0.0000 C   0  0  0  0  0  0  0  0  0  0  0  0\n   -4.2252   -1.7175    0.0000 C   0  0  0  0  0  0  0  0  0  0  0  0\n   -4.2252   -0.8925    0.0000 C   0  0  0  0  0  0  0  0  0  0  0  0\n   -3.5107   -0.4800    0.0000 C   0  0  0  0  0  0  0  0  0  0  0  0\n   -2.0818   -2.1300    0.0000 C   0  0  0  0  0  0  0  0  0  0  0  0\n    1.4906   -0.8925    0.0000 C   0  0  0  0  0  0  0  0  0  0  0  0\n    2.3926    2.1300    0.0000 C   0  0  0  0  0  0  0  0  0  0  0  0\n  1  2  1  0  0  0  0\n  2  3  2  0  0  0  0\n  3  4  1  0  0  0  0\n  4  5  2  0  0  0  0\n  1  5  1  0  0  0  0\n  6  7  2  0  0  0  0\n  6  8  1  0  0  0  0\n  5  6  1  0  0  0  0\n  9 10  1  0  0  0  0\n 10 11  2  0  0  0  0\n 11 12  1  0  0  0  0\n 12 13  2  0  0  0  0\n 13 14  1  0  0  0  0\n  9 14  2  0  0  0  0\n 15 16  2  0  0  0  0\n 17 18  1  0  0  0  0\n 18 19  2  0  0  0  0\n 19 20  1  0  0  0  0\n 20 21  2  0  0  0  0\n 21 22  1  0  0  0  0\n 17 22  2  0  0  0  0\n 18 23  1  0  0  0  0\n 16 17  1  0  0  0  0\n 12 15  1  0  0  0  0\n 10 24  1  0  0  0  0\n  8  9  1  0  0  0  0\n  1 25  1  0  0  0  0\nM  END",
        "smiles": "Cc1ccccc1/N=N/c2ccc(c(C)c2)N=C(c3ccnn3C)O",
        "formula": "C19H19N5O",
        "opticalActivity": "NONE",
        "atropisomerism": "No",
        "stereoCenters": 0,
        "definedStereo": 0,
        "ezCenters": 1,
        "charge": 0,
        "mwt": 333.3878,
        "count": 1,
        "createdBy": "admin",
        "lastEditedBy": "admin",
        "self": "https://drugs.ncats.io/api/v1/structures(0000081f-bc84-4e92-aedd-656cc20692df)?view=full",
        "stereochemistry": "ACHIRAL",
        "references": [
            "e75ed6a5-dc4e-4c11-9e92-122651b22f05",
            "32a0635c-8e9a-49a2-b2b0-a8e9308402bc"
        ],
        "access": [],
        "_properties": {
            "count": 4,
            "href": "https://drugs.ncats.io/api/v1/structures(0000081f-bc84-4e92-aedd-656cc20692df)/properties"
        }
    },
    {
        "id": "0000a46d-90fd-47aa-b9df-cbb18145985b",
        "created": 1624716678000,
        "lastEdited": 1624716678000,
        "deprecated": false,
        "digest": "31bc773a6141672dcfd500ba99fd891793e6d0f2",
        "molfile": "\n  Marvin  01132100192D          \n\n 23 24  0  0  1  0            999 V2000\n   10.6906   -7.2798    0.0000 C   0  0  1  0  0  0  0  0  0  2  0  0\n   10.6906   -8.1048    0.0000 O   0  0  0  0  0  0  0  0  0  0  0  0\n    9.9761   -6.8673    0.0000 O   0  0  0  0  0  0  0  0  0  0  0  0\n    9.9761   -6.0423    0.0000 C   0  0  2  0  0  0  0  0  0  1  0  0\n    9.2616   -5.6298    0.0000 C   0  0  0  0  0  0  0  0  0  0  0  0\n    8.5471   -6.0423    0.0000 O   0  0  0  0  0  0  0  0  0  0  0  0\n    7.8326   -5.6298    0.0000 C   0  0  2  0  0  0  0  0  0  1  0  0\n    7.8326   -4.8048    0.0000 O   0  0  0  0  0  0  0  0  0  0  0  0\n    7.1182   -4.3923    0.0000 C   0  0  2  0  0  0  0  0  0  1  0  0\n    7.1182   -3.5673    0.0000 C   0  0  0  0  0  0  0  0  0  0  0  0\n    6.4037   -3.1548    0.0000 O   0  0  0  0  0  0  0  0  0  0  0  0\n    6.4037   -4.8048    0.0000 C   0  0  1  0  0  0  0  0  0  2  0  0\n    5.6892   -4.3923    0.0000 O   0  0  0  0  0  0  0  0  0  0  0  0\n    6.4037   -5.6298    0.0000 C   0  0  2  0  0  0  0  0  0  2  0  0\n    5.6892   -6.0423    0.0000 O   0  0  0  0  0  0  0  0  0  0  0  0\n    7.1182   -6.0423    0.0000 C   0  0  1  0  0  0  0  0  0  1  0  0\n    7.1182   -6.8673    0.0000 O   0  0  0  0  0  0  0  0  0  0  0  0\n   10.6906   -5.6298    0.0000 C   0  0  1  0  0  0  0  0  0  2  0  0\n   10.6906   -4.8048    0.0000 O   0  0  0  0  0  0  0  0  0  0  0  0\n   11.4051   -6.0423    0.0000 C   0  0  2  0  0  0  0  0  0  2  0  0\n   12.1195   -5.6298    0.0000 O   0  0  0  0  0  0  0  0  0  0  0  0\n   11.4051   -6.8673    0.0000 C   0  0  1  0  0  0  0  0  0  1  0  0\n   12.1195   -7.2798    0.0000 O   0  0  0  0  0  0  0  0  0  0  0  0\n  1  2  1  1  0  0  0\n  1  3  1  0  0  0  0\n 22  1  1  0  0  0  0\n  4  3  1  0  0  0  0\n  4  5  1  6  0  0  0\n  4 18  1  0  0  0  0\n  6  5  1  0  0  0  0\n  7  6  1  1  0  0  0\n  7  8  1  0  0  0  0\n 16  7  1  0  0  0  0\n  9  8  1  0  0  0  0\n  9 10  1  1  0  0  0\n 12  9  1  0  0  0  0\n 10 11  1  0  0  0  0\n 12 13  1  6  0  0  0\n 14 12  1  0  0  0  0\n 14 15  1  1  0  0  0\n 16 14  1  0  0  0  0\n 16 17  1  6  0  0  0\n 18 19  1  1  0  0  0\n 18 20  1  0  0  0  0\n 20 21  1  6  0  0  0\n 20 22  1  0  0  0  0\n 22 23  1  1  0  0  0\nM  END",
        "smiles": "C([C@]1([H])[C@]([H])([C@@]([H])([C@]([H])([C@]([H])(OC[C@]2([H])[C@]([H])([C@@]([H])([C@]([H])([C@@]([H])(O)O2)O)O)O)O1)O)O)O)O",
        "formula": "C12H22O11",
        "opticalActivity": "UNSPECIFIED",
        "atropisomerism": "No",
        "stereoCenters": 10,
        "definedStereo": 10,
        "ezCenters": 0,
        "charge": 0,
        "mwt": 342.297,
        "count": 1,
        "createdBy": "admin",
        "lastEditedBy": "admin",
        "self": "https://drugs.ncats.io/api/v1/structures(0000a46d-90fd-47aa-b9df-cbb18145985b)?view=full",
        "stereochemistry": "ABSOLUTE",
        "references": [],
        "access": [],
        "_properties": {
            "count": 4,
            "href": "https://drugs.ncats.io/api/v1/structures(0000a46d-90fd-47aa-b9df-cbb18145985b)/properties"
        }
    },
    {
        "id": "0001a4d0-3205-42ca-a245-45995638bc2d",
        "created": 1624707603000,
        "lastEdited": 1624707603000,
        "deprecated": false,
        "digest": "1f21b3a996574824c3767a496aef0b470f5619e5",
        "molfile": "\n  Marvin  01132100192D          \n\n 21 22  0  0  0  0            999 V2000\n    5.4313   -0.4271    0.0000 C   0  0  0  0  0  0  0  0  0  0  0  0\n    5.4301    0.3998    0.0000 C   0  0  0  0  0  0  0  0  0  0  0  0\n    6.1445    0.8123    0.0000 C   0  0  0  0  0  0  0  0  0  0  0  0\n    6.8606    0.3993    0.0000 N   0  0  0  0  0  0  0  0  0  0  0  0\n    6.8577   -0.4307    0.0000 C   0  0  0  0  0  0  0  0  0  0  0  0\n    6.1427   -0.8397    0.0000 N   0  0  0  0  0  0  0  0  0  0  0  0\n    6.1380    1.6365    0.0000 N   0  0  0  0  0  0  0  0  0  0  0  0\n    7.5664   -0.8495    0.0000 N   0  0  0  0  0  0  0  0  0  0  0  0\n    2.5804    0.4997    0.0000 C   0  0  0  0  0  0  0  0  0  0  0  0\n    2.5792   -0.3271    0.0000 C   0  0  0  0  0  0  0  0  0  0  0  0\n    3.2936   -0.7398    0.0000 C   0  0  0  0  0  0  0  0  0  0  0  0\n    4.0096   -0.3267    0.0000 C   0  0  0  0  0  0  0  0  0  0  0  0\n    4.0067    0.5034    0.0000 C   0  0  0  0  0  0  0  0  0  0  0  0\n    3.2918    0.9123    0.0000 C   0  0  0  0  0  0  0  0  0  0  0  0\n    1.8614   -0.7329    0.0000 S   0  0  0  0  0  0  0  0  0  0  0  0\n    1.1451   -0.3206    0.0000 C   0  0  0  0  0  0  0  0  0  0  0  0\n    1.8614    0.9162    0.0000 O   0  0  0  0  0  0  0  0  0  0  0  0\n    1.1451    0.5080    0.0000 C   0  0  0  0  0  0  0  0  0  0  0  0\n    4.7014    0.8120    0.0000 C   0  0  0  0  0  0  0  0  0  0  0  0\n    3.2856   -1.5616    0.0000 O   0  0  0  0  0  0  0  0  0  0  0  0\n    3.9976   -1.9738    0.0000 C   0  0  0  0  0  0  0  0  0  0  0  0\n  3  4  1  0  0  0  0\n  3  7  1  0  0  0  0\n  4  5  2  0  0  0  0\n  5  8  1  0  0  0  0\n  2  3  2  0  0  0  0\n  5  6  1  0  0  0  0\n  6  1  2  0  0  0  0\n  1  2  1  0  0  0  0\n 12 13  1  0  0  0  0\n 13 14  2  0  0  0  0\n 14  9  1  0  0  0  0\n 10 15  1  0  0  0  0\n 15 16  1  0  0  0  0\n  9 17  1  0  0  0  0\n  9 10  2  0  0  0  0\n 17 18  1  0  0  0  0\n 13 19  1  0  0  0  0\n 10 11  1  0  0  0  0\n 11 12  2  0  0  0  0\n 11 20  1  0  0  0  0\n 20 21  1  0  0  0  0\n  2 19  1  0  0  0  0\nM  END",
        "smiles": "COc1cc(Cc2c[nH]c(=N)[nH]c2=N)cc(c1SC)OC",
        "formula": "C14H18N4O2S",
        "opticalActivity": "NONE",
        "atropisomerism": "No",
        "stereoCenters": 0,
        "definedStereo": 0,
        "ezCenters": 0,
        "charge": 0,
        "mwt": 306.3849,
        "count": 1,
        "createdBy": "admin",
        "lastEditedBy": "admin",
        "self": "https://drugs.ncats.io/api/v1/structures(0001a4d0-3205-42ca-a245-45995638bc2d)?view=full",
        "stereochemistry": "ACHIRAL",
        "references": [
            "5d9e8e2f-80f9-4c65-8154-3c916741186a",
            "2e560365-1482-42ae-b4d6-c8147636c0a5",
            "cfa6f259-9e19-46e5-b468-19d8d2d5df95"
        ],
        "access": [],
        "_properties": {
            "count": 4,
            "href": "https://drugs.ncats.io/api/v1/structures(0001a4d0-3205-42ca-a245-45995638bc2d)/properties"
        }
    },
    {
        "id": "0002e787-02a1-4b07-9ed4-7e26672ee0a6",
        "created": 1624677653000,
        "lastEdited": 1624677653000,
        "deprecated": false,
        "digest": "78b0c2a2ac65a4056734445bd682255dde1f2801",
        "molfile": "\n  Marvin  01132100192D          \n\n 28 29  0  0  1  0            999 V2000\n    7.5393   -2.9379    0.0000 C   0  0  1  0  0  0  0  0  0  2  0  0\n    7.5393   -1.9844    0.0000 C   0  0  0  0  0  0  0  0  0  0  0  0\n    8.2861   -3.3050    0.0000 C   0  0  0  0  0  0  0  0  0  0  0  0\n    8.9030   -2.7338    0.0000 C   0  0  0  0  0  0  0  0  0  0  0  0\n    8.7176   -1.9299    0.0000 C   0  0  0  0  0  0  0  0  0  0  0  0\n    9.3203   -1.3664    0.0000 C   0  0  0  0  0  0  0  0  0  0  0  0\n   10.1121   -1.6080    0.0000 C   0  0  0  0  0  0  0  0  0  0  0  0\n   10.2975   -2.4118    0.0000 C   0  0  0  0  0  0  0  0  0  0  0  0\n    9.6949   -2.9754    0.0000 C   0  0  0  0  0  0  0  0  0  0  0  0\n   11.0855   -2.6523    0.0000 C   0  0  0  0  0  0  0  0  0  0  0  0\n   11.3645   -3.6335    0.0000 F   0  0  0  0  0  0  0  0  0  0  0  0\n   11.5568   -1.7347    0.0000 F   0  0  0  0  0  0  0  0  0  0  0  0\n   11.9681   -2.8390    0.0000 F   0  0  0  0  0  0  0  0  0  0  0  0\n    6.8827   -3.3894    0.0000 N   0  0  0  0  0  0  0  0  0  0  0  0\n    6.1563   -2.9959    0.0000 C   0  0  0  0  0  0  0  0  0  0  0  0\n    6.1563   -2.1693    0.0000 O   0  0  0  0  0  0  0  0  0  0  0  0\n    5.5960   -3.3112    0.0000 C   0  0  0  0  0  0  0  0  0  0  0  0\n    4.9671   -3.1433    0.0000 O   0  0  0  0  0  0  0  0  0  0  0  0\n    4.1882   -2.8640    0.0000 C   0  0  0  0  0  0  0  0  0  0  0  0\n    3.5616   -3.3991    0.0000 C   0  0  0  0  0  0  0  0  0  0  0  0\n    2.7803   -3.1190    0.0000 C   0  0  0  0  0  0  0  0  0  0  0  0\n    2.6358   -2.3083    0.0000 C   0  0  0  0  0  0  0  0  0  0  0  0\n    1.8615   -2.0311    0.0000 N   0  0  0  0  0  0  0  0  0  0  0  0\n    1.2317   -2.5620    0.0000 C   0  0  0  0  0  0  0  0  0  0  0  0\n    1.3796   -3.3706    0.0000 C   0  0  0  0  0  0  0  0  0  0  0  0\n    0.4538   -2.2798    0.0000 O   0  0  0  0  0  0  0  0  0  0  0  0\n    3.2647   -1.7789    0.0000 C   0  0  0  0  0  0  0  0  0  0  0  0\n    4.0399   -2.0561    0.0000 C   0  0  0  0  0  0  0  0  0  0  0  0\n  1  2  1  1  0  0  0\n  1  3  1  0  0  0  0\n 14  1  1  0  0  0  0\n  3  4  1  0  0  0  0\n  4  5  1  0  0  0  0\n  4  9  2  0  0  0  0\n  6  5  2  0  0  0  0\n  7  6  1  0  0  0  0\n  8  7  2  0  0  0  0\n  9  8  1  0  0  0  0\n  8 10  1  0  0  0  0\n 10 11  1  0  0  0  0\n 10 12  1  0  0  0  0\n 10 13  1  0  0  0  0\n 15 14  1  0  0  0  0\n 15 16  2  0  0  0  0\n 17 15  1  0  0  0  0\n 18 17  1  0  0  0  0\n 19 18  1  0  0  0  0\n 20 19  1  0  0  0  0\n 19 28  2  0  0  0  0\n 21 20  2  0  0  0  0\n 22 21  1  0  0  0  0\n 23 22  1  0  0  0  0\n 22 27  2  0  0  0  0\n 24 23  1  0  0  0  0\n 24 25  1  0  0  0  0\n 24 26  2  0  0  0  0\n 28 27  1  0  0  0  0\nM  END",
        "smiles": "C[C@@]([H])(Cc1cccc(c1)C(F)(F)F)N=C(COc2ccc(cc2)N=C(C)O)O",
        "formula": "C20H21F3N2O3",
        "opticalActivity": "UNSPECIFIED",
        "atropisomerism": "No",
        "stereoCenters": 1,
        "definedStereo": 1,
        "ezCenters": 0,
        "charge": 0,
        "mwt": 394.3883,
        "count": 1,
        "createdBy": "admin",
        "lastEditedBy": "admin",
        "self": "https://drugs.ncats.io/api/v1/structures(0002e787-02a1-4b07-9ed4-7e26672ee0a6)?view=full",
        "stereochemistry": "ABSOLUTE",
        "references": [],
        "access": [],
        "_properties": {
            "count": 4,
            "href": "https://drugs.ncats.io/api/v1/structures(0002e787-02a1-4b07-9ed4-7e26672ee0a6)/properties"
        }
    },
    {
        "id": "00033729-ea4f-4715-b1e2-915fce0098c8",
        "created": 1624707321000,
        "lastEdited": 1624707321000,
        "deprecated": false,
        "digest": "19f5a2e4e098ec29e36d560ce9befd5966f24e80",
        "molfile": "\n  Marvin  01132100192D          \n\n 21 25  0  0  0  0            999 V2000\n    5.7288   -0.7677    0.0000 C   0  0  0  0  0  0  0  0  0  0  0  0\n    5.0127   -1.1801    0.0000 C   0  0  0  0  0  0  0  0  0  0  0  0\n    5.0127   -2.0051    0.0000 C   0  0  0  0  0  0  0  0  0  0  0  0\n    4.2966   -2.4176    0.0000 C   0  0  0  0  0  0  0  0  0  0  0  0\n    3.5862   -2.0051    0.0000 C   0  0  0  0  0  0  0  0  0  0  0  0\n    2.8701   -2.4176    0.0000 C   0  0  0  0  0  0  0  0  0  0  0  0\n    2.1540   -2.0051    0.0000 C   0  0  0  0  0  0  0  0  0  0  0  0\n    2.1598   -1.1744    0.0000 C   0  0  0  0  0  0  0  0  0  0  0  0\n    1.4494   -0.7619    0.0000 C   0  0  0  0  0  0  0  0  0  0  0  0\n    0.7333   -1.1629    0.0000 C   0  0  0  0  0  0  0  0  0  0  0  0\n    0.7218   -1.9936    0.0000 C   0  0  0  0  0  0  0  0  0  0  0  0\n    0.0057   -2.4003    0.0000 C   0  0  0  0  0  0  0  0  0  0  0  0\n    0.0000   -3.2253    0.0000 C   0  0  0  0  0  0  0  0  0  0  0  0\n    0.7161   -3.6435    0.0000 C   0  0  0  0  0  0  0  0  0  0  0  0\n    1.4264   -3.2368    0.0000 C   0  0  0  0  0  0  0  0  0  0  0  0\n    1.4322   -2.4118    0.0000 C   0  0  0  0  0  0  0  0  0  0  0  0\n    2.8701   -0.7677    0.0000 C   0  0  0  0  0  0  0  0  0  0  0  0\n    3.1738    0.0000    0.0000 C   0  0  0  0  0  0  0  0  0  0  0  0\n    3.9987    0.0000    0.0000 C   0  0  0  0  0  0  0  0  0  0  0  0\n    4.2966   -0.7677    0.0000 C   0  0  0  0  0  0  0  0  0  0  0  0\n    3.5862   -1.1801    0.0000 C   0  0  0  0  0  0  0  0  0  0  0  0\n  1  2  1  0  0  0  0\n  2  3  1  0  0  0  0\n  2 20  2  0  0  0  0\n  4  3  2  0  0  0  0\n  5  4  1  0  0  0  0\n  5  6  1  0  0  0  0\n 21  5  2  0  0  0  0\n  6  7  2  0  0  0  0\n  7  8  1  0  0  0  0\n  7 16  1  0  0  0  0\n  9  8  1  0  0  0  0\n  8 17  2  0  0  0  0\n 10  9  2  0  0  0  0\n 11 10  1  0  0  0  0\n 11 12  1  0  0  0  0\n 16 11  2  0  0  0  0\n 12 13  2  0  0  0  0\n 13 14  1  0  0  0  0\n 14 15  2  0  0  0  0\n 16 15  1  0  0  0  0\n 17 18  1  0  0  0  0\n 21 17  1  0  0  0  0\n 18 19  2  0  0  0  0\n 20 19  1  0  0  0  0\n 20 21  1  0  0  0  0\nM  END",
        "smiles": "Cc1ccc2cc3c4ccccc4ccc3c5C=Cc1c25",
        "formula": "C21H14",
        "opticalActivity": "NONE",
        "atropisomerism": "No",
        "stereoCenters": 0,
        "definedStereo": 0,
        "ezCenters": 0,
        "charge": 0,
        "mwt": 266.3366,
        "count": 1,
        "createdBy": "admin",
        "lastEditedBy": "admin",
        "self": "https://drugs.ncats.io/api/v1/structures(00033729-ea4f-4715-b1e2-915fce0098c8)?view=full",
        "stereochemistry": "ACHIRAL",
        "references": [],
        "access": [],
        "_properties": {
            "count": 4,
            "href": "https://drugs.ncats.io/api/v1/structures(00033729-ea4f-4715-b1e2-915fce0098c8)/properties"
        }
    },
    {
        "id": "00033886-8703-4801-926d-de82672a1433",
        "created": 1624713705000,
        "lastEdited": 1624713705000,
        "deprecated": false,
        "digest": "fd5853b76fd42f8ec6c0167427fda011afe37f21",
        "molfile": "\n  Marvin  01132100192D          \n\n 46 52  0  0  0  0            999 V2000\n   18.2705   -4.2727    0.0000 Cl  0  0  0  0  0  0  0  0  0  0  0  0\n   17.5663   -3.8429    0.0000 C   0  0  0  0  0  0  0  0  0  0  0  0\n   16.8372   -4.2431    0.0000 C   0  0  0  0  0  0  0  0  0  0  0  0\n   16.1342   -3.8181    0.0000 C   0  0  0  0  0  0  0  0  0  0  0  0\n   16.1508   -2.9909    0.0000 C   0  0  0  0  0  0  0  0  0  0  0  0\n   15.4474   -2.5684    0.0000 C   0  0  0  0  0  0  0  0  0  0  0  0\n   15.4607   -1.7362    0.0000 C   0  0  0  0  0  0  0  0  0  0  0  0\n   16.1833   -1.3329    0.0000 C   0  0  0  0  0  0  0  0  0  0  0  0\n   16.8849   -1.7666    0.0000 N   0  0  0  0  0  0  0  0  0  0  0  0\n   16.8721   -2.5891    0.0000 C   0  0  0  0  0  0  0  0  0  0  0  0\n   17.5820   -3.0139    0.0000 C   0  0  0  0  0  0  0  0  0  0  0  0\n   14.7191   -2.9681    0.0000 N   0  0  0  0  0  0  0  0  0  0  0  0\n   14.0181   -2.5404    0.0000 C   0  0  0  0  0  0  0  0  0  0  0  0\n   13.2988   -2.9407    0.0000 C   0  0  0  0  0  0  0  0  0  0  0  0\n   13.2835   -3.7702    0.0000 N   0  0  0  0  0  0  0  0  0  0  0  0\n   12.5587   -4.1658    0.0000 C   0  0  0  0  0  0  0  0  0  0  0  0\n   11.8532   -3.7382    0.0000 C   0  0  0  0  0  0  0  0  0  0  0  0\n   11.1284   -4.1396    0.0000 C   0  0  0  0  0  0  0  0  0  0  0  0\n   10.4228   -3.7120    0.0000 N   0  0  0  0  0  0  0  0  0  0  0  0\n   10.4432   -2.8815    0.0000 C   0  0  0  0  0  0  0  0  0  0  0  0\n    9.7436   -2.4599    0.0000 C   0  0  0  0  0  0  0  0  0  0  0  0\n    9.0154   -2.8504    0.0000 N   0  0  0  0  0  0  0  0  0  0  0  0\n    8.3065   -2.4247    0.0000 C   0  0  0  0  0  0  0  0  0  0  0  0\n    7.5853   -2.8163    0.0000 C   0  0  0  0  0  0  0  0  0  0  0  0\n    6.8821   -2.3906    0.0000 C   0  0  0  0  0  0  0  0  0  0  0  0\n    6.1551   -2.7878    0.0000 N   0  0  0  0  0  0  0  0  0  0  0  0\n    5.4573   -2.3533    0.0000 C   0  0  0  0  0  0  0  0  0  0  0  0\n    4.7335   -2.7457    0.0000 C   0  0  0  0  0  0  0  0  0  0  0  0\n    4.7148   -3.5749    0.0000 N   0  0  0  0  0  0  0  0  0  0  0  0\n    5.4176   -4.0096    0.0000 C   0  0  0  0  0  0  0  0  0  0  0  0\n    6.1448   -3.6150    0.0000 C   0  0  0  0  0  0  0  0  0  0  0  0\n    3.9799   -3.9681    0.0000 C   0  0  0  0  0  0  0  0  0  0  0  0\n    3.9632   -4.7944    0.0000 C   0  0  0  0  0  0  0  0  0  0  0  0\n    3.2448   -5.1903    0.0000 C   0  0  0  0  0  0  0  0  0  0  0  0\n    2.5366   -4.7493    0.0000 N   0  0  0  0  0  0  0  0  0  0  0  0\n    2.5600   -3.9250    0.0000 C   0  0  0  0  0  0  0  0  0  0  0  0\n    1.8580   -3.4986    0.0000 C   0  0  0  0  0  0  0  0  0  0  0  0\n    1.8811   -2.6755    0.0000 C   0  0  0  0  0  0  0  0  0  0  0  0\n    1.1779   -2.2499    0.0000 Cl  0  0  0  0  0  0  0  0  0  0  0  0\n    2.6064   -2.2852    0.0000 C   0  0  0  0  0  0  0  0  0  0  0  0\n    3.3008   -2.7114    0.0000 C   0  0  0  0  0  0  0  0  0  0  0  0\n    3.2783   -3.5362    0.0000 C   0  0  0  0  0  0  0  0  0  0  0  0\n    8.9989   -3.6807    0.0000 C   0  0  0  0  0  0  0  0  0  0  0  0\n    9.7049   -4.1149    0.0000 C   0  0  0  0  0  0  0  0  0  0  0  0\n   13.9911   -4.1970    0.0000 C   0  0  0  0  0  0  0  0  0  0  0  0\n   14.7140   -3.7944    0.0000 C   0  0  0  0  0  0  0  0  0  0  0  0\n  2  1  1  0  0  0  0\n  3  2  1  0  0  0  0\n  2 11  2  0  0  0  0\n  4  3  2  0  0  0  0\n  5  4  1  0  0  0  0\n  6  5  1  0  0  0  0\n  5 10  2  0  0  0  0\n  7  6  2  0  0  0  0\n  6 12  1  0  0  0  0\n  8  7  1  0  0  0  0\n  9  8  2  0  0  0  0\n 10  9  1  0  0  0  0\n 11 10  1  0  0  0  0\n 12 13  1  0  0  0  0\n 12 46  1  0  0  0  0\n 13 14  1  0  0  0  0\n 14 15  1  0  0  0  0\n 15 16  1  0  0  0  0\n 15 45  1  0  0  0  0\n 16 17  1  0  0  0  0\n 17 18  1  0  0  0  0\n 18 19  1  0  0  0  0\n 19 20  1  0  0  0  0\n 19 44  1  0  0  0  0\n 20 21  1  0  0  0  0\n 21 22  1  0  0  0  0\n 22 23  1  0  0  0  0\n 22 43  1  0  0  0  0\n 23 24  1  0  0  0  0\n 24 25  1  0  0  0  0\n 25 26  1  0  0  0  0\n 26 27  1  0  0  0  0\n 26 31  1  0  0  0  0\n 27 28  1  0  0  0  0\n 28 29  1  0  0  0  0\n 29 30  1  0  0  0  0\n 29 32  1  0  0  0  0\n 30 31  1  0  0  0  0\n 33 32  1  0  0  0  0\n 32 42  2  0  0  0  0\n 34 33  2  0  0  0  0\n 35 34  1  0  0  0  0\n 36 35  2  0  0  0  0\n 37 36  1  0  0  0  0\n 36 42  1  0  0  0  0\n 38 37  2  0  0  0  0\n 38 39  1  0  0  0  0\n 40 38  1  0  0  0  0\n 41 40  2  0  0  0  0\n 42 41  1  0  0  0  0\n 43 44  1  0  0  0  0\n 45 46  1  0  0  0  0\nM  END",
        "smiles": "C(CN1CCN(CCCN2CCN(CC2)c3ccnc4cc(ccc43)Cl)CC1)CN5CCN(CC5)c6ccnc7cc(ccc76)Cl",
        "formula": "C36H46Cl2N8",
        "opticalActivity": "NONE",
        "atropisomerism": "No",
        "stereoCenters": 0,
        "definedStereo": 0,
        "ezCenters": 0,
        "charge": 0,
        "mwt": 661.7113,
        "count": 1,
        "createdBy": "admin",
        "lastEditedBy": "admin",
        "self": "https://drugs.ncats.io/api/v1/structures(00033886-8703-4801-926d-de82672a1433)?view=full",
        "stereochemistry": "ACHIRAL",
        "references": [],
        "access": [],
        "_properties": {
            "count": 4,
            "href": "https://drugs.ncats.io/api/v1/structures(00033886-8703-4801-926d-de82672a1433)/properties"
        }
    },
    {
        "id": "0004304a-734a-4e64-84b3-af53399ea515",
        "created": 1624680528000,
        "lastEdited": 1624680528000,
        "deprecated": false,
        "digest": "0ca371eeaa2eed11ddf4596738e4cb521f18ee4f",
        "molfile": "\n  Marvin  01132100192D          \n\n 29 32  0  0  1  0            999 V2000\n    9.2570   -3.8582    0.0000 C   0  0  1  0  0  0  0  0  0  2  0  0\n    9.8055   -4.4666    0.0000 C   0  0  0  0  0  0  0  0  0  0  0  0\n    8.4412   -4.0287    0.0000 C   0  0  0  0  0  0  0  0  0  0  0  0\n    8.1785   -4.8123    0.0000 C   0  0  0  0  0  0  0  0  0  0  0  0\n    7.3950   -4.9874    0.0000 C   0  0  1  0  0  0  0  0  0  1  0  0\n    6.8464   -4.3790    0.0000 C   0  0  0  0  0  0  0  0  0  0  0  0\n    7.1368   -5.7710    0.0000 C   0  0  1  0  0  0  0  0  0  1  0  0\n    7.5976   -6.4393    0.0000 C   0  0  0  0  0  0  0  0  0  0  0  0\n    7.1368   -7.1076    0.0000 C   0  0  0  0  0  0  0  0  0  0  0  0\n    6.3532   -6.8449    0.0000 C   0  0  0  0  0  0  0  0  0  0  0  0\n    5.6250   -7.2551    0.0000 C   0  0  0  0  0  0  0  0  0  0  0  0\n    5.6250   -8.0940    0.0000 C   0  0  0  0  0  0  0  0  0  0  0  0\n    4.9289   -8.5042    0.0000 C   0  0  0  0  0  0  0  0  0  0  0  0\n    4.2007   -8.0940    0.0000 C   0  0  0  0  0  0  0  0  0  0  0  0\n    3.5046   -8.5042    0.0000 C   0  0  0  0  0  0  0  0  0  0  0  0\n    2.7811   -8.0940    0.0000 C   0  0  0  0  0  0  0  0  0  0  0  0\n    2.0805   -8.5042    0.0000 O   0  0  0  0  0  0  0  0  0  0  0  0\n    2.7811   -7.2551    0.0000 C   0  0  0  0  0  0  0  0  0  0  0  0\n    3.5046   -6.8449    0.0000 C   0  0  0  0  0  0  0  0  0  0  0  0\n    4.2007   -7.2551    0.0000 C   0  0  1  0  0  0  0  0  0  1  0  0\n    4.2007   -6.4393    0.0000 C   0  0  0  0  0  0  0  0  0  0  0  0\n    4.9289   -6.8449    0.0000 C   0  0  1  0  0  0  0  0  0  1  0  0\n    4.9289   -6.0337    0.0000 C   0  0  0  0  0  0  0  0  0  0  0  0\n    5.6250   -5.6280    0.0000 C   0  0  0  0  0  0  0  0  0  0  0  0\n    6.3532   -6.0337    0.0000 C   0  0  2  0  0  0  0  0  0  1  0  0\n    6.3532   -5.1902    0.0000 C   0  0  0  0  0  0  0  0  0  0  0  0\n    9.5151   -3.0700    0.0000 C   0  0  0  0  0  0  0  0  0  0  0  0\n    8.9667   -2.4615    0.0000 C   0  0  0  0  0  0  0  0  0  0  0  0\n   10.2986   -2.8994    0.0000 C   0  0  0  0  0  0  0  0  0  0  0  0\n  1  2  1  1  0  0  0\n  3  1  1  0  0  0  0\n  1 27  1  0  0  0  0\n  4  3  1  0  0  0  0\n  5  4  1  0  0  0  0\n  5  6  1  6  0  0  0\n  5  7  1  0  0  0  0\n  7  8  1  1  0  0  0\n  7 25  1  0  0  0  0\n  9  8  1  0  0  0  0\n 10  9  1  0  0  0  0\n 11 10  2  0  0  0  0\n 25 10  1  0  0  0  0\n 12 11  1  0  0  0  0\n 22 11  1  0  0  0  0\n 13 12  2  0  0  0  0\n 14 13  1  0  0  0  0\n 15 14  2  0  0  0  0\n 14 20  1  0  0  0  0\n 16 15  1  0  0  0  0\n 16 17  2  0  0  0  0\n 16 18  1  0  0  0  0\n 18 19  1  0  0  0  0\n 19 20  1  0  0  0  0\n 20 21  1  1  0  0  0\n 22 20  1  0  0  0  0\n 22 23  1  1  0  0  0\n 24 23  1  0  0  0  0\n 25 24  1  0  0  0  0\n 25 26  1  1  0  0  0\n 27 28  1  0  0  0  0\n 27 29  1  0  0  0  0\nM  END",
        "smiles": "CC(C)[C@@]([H])(C)CC[C@@]([H])(C)[C@@]1([H])CCC2=C3C=CC4=CC(=O)CC[C@]4(C)[C@@]3([H])CC[C@]12C",
        "formula": "C28H42O",
        "opticalActivity": "UNSPECIFIED",
        "atropisomerism": "No",
        "stereoCenters": 6,
        "definedStereo": 6,
        "ezCenters": 0,
        "charge": 0,
        "mwt": 394.6335,
        "count": 1,
        "createdBy": "admin",
        "lastEditedBy": "admin",
        "self": "https://drugs.ncats.io/api/v1/structures(0004304a-734a-4e64-84b3-af53399ea515)?view=full",
        "stereochemistry": "ABSOLUTE",
        "references": [],
        "access": [],
        "_properties": {
            "count": 4,
            "href": "https://drugs.ncats.io/api/v1/structures(0004304a-734a-4e64-84b3-af53399ea515)/properties"
        }
    },
    {
        "id": "000549c4-7e79-45f4-aea7-1a5bf27b2e6e",
        "created": 1624692591000,
        "lastEdited": 1624692591000,
        "deprecated": false,
        "digest": "9026e8acd352468a238f12cce90d4311fb4c20bf",
        "molfile": "\n  Marvin  01132100192D          \n\n 19 20  0  0  0  0            999 V2000\n    1.6278    0.3231    0.0000 C   0  0  0  0  0  0  0  0  0  0  0  0\n    1.6126   -0.5094    0.0000 C   0  0  0  0  0  0  0  0  0  0  0  0\n    2.3333    0.7279    0.0000 C   0  0  0  0  0  0  0  0  0  0  0  0\n    0.9128    0.7370    0.0000 C   0  0  0  0  0  0  0  0  0  0  0  0\n    2.3254   -0.9194    0.0000 N   0  0  0  0  0  0  0  0  0  0  0  0\n    0.8958   -0.9207    0.0000 C   0  0  0  0  0  0  0  0  0  0  0  0\n    2.3352    1.5529    0.0000 C   0  0  0  0  0  0  0  0  0  0  0  0\n    0.9155    1.5648    0.0000 C   0  0  0  0  0  0  0  0  0  0  0  0\n    3.0285   -0.5060    0.0000 C   0  0  0  0  0  0  0  0  0  0  0  0\n    0.1789   -1.3319    0.0000 N   0  0  0  0  0  0  0  0  0  0  0  0\n    1.6210    1.9695    0.0000 C   0  0  0  0  0  0  0  0  0  0  0  0\n    3.7543   -0.9211    0.0000 C   0  0  0  0  0  0  0  0  0  0  0  0\n    3.0026    0.3056    0.0000 C   0  0  0  0  0  0  0  0  0  0  0  0\n    4.4618   -0.5153    0.0000 C   0  0  0  0  0  0  0  0  0  0  0  0\n    4.4775    0.2899    0.0000 C   0  0  0  0  0  0  0  0  0  0  0  0\n    5.1789   -0.9328    0.0000 C   0  0  0  0  0  0  0  0  0  0  0  0\n    5.1811    0.6935    0.0000 C   0  0  0  0  0  0  0  0  0  0  0  0\n    5.8825   -0.5292    0.0000 C   0  0  0  0  0  0  0  0  0  0  0  0\n    5.8821    0.2996    0.0000 C   0  0  0  0  0  0  0  0  0  0  0  0\n  1  2  1  0  0  0  0\n  1  3  2  0  0  0  0\n  1  4  1  0  0  0  0\n  2  5  1  0  0  0  0\n  2  6  1  0  0  0  0\n  3  7  1  0  0  0  0\n  4  8  2  0  0  0  0\n  5  9  1  0  0  0  0\n  6 10  3  0  0  0  0\n  7 11  2  0  0  0  0\n  9 12  1  0  0  0  0\n  9 13  1  0  0  0  0\n 12 14  1  0  0  0  0\n 14 15  1  0  0  0  0\n 14 16  2  0  0  0  0\n 15 17  2  0  0  0  0\n 16 18  1  0  0  0  0\n 17 19  1  0  0  0  0\n  8 11  1  0  0  0  0\n 18 19  2  0  0  0  0\nM  END",
        "smiles": "CC(Cc1ccccc1)NC(C#N)c2ccccc2",
        "formula": "C17H18N2",
        "opticalActivity": "UNSPECIFIED",
        "atropisomerism": "No",
        "stereoCenters": 2,
        "definedStereo": 0,
        "ezCenters": 0,
        "charge": 0,
        "mwt": 250.3389,
        "count": 1,
        "createdBy": "admin",
        "lastEditedBy": "admin",
        "self": "https://drugs.ncats.io/api/v1/structures(000549c4-7e79-45f4-aea7-1a5bf27b2e6e)?view=full",
        "stereochemistry": "UNKNOWN",
        "references": [
            "8b3d6ba7-6750-44f1-9eeb-788ddf2e99d5",
            "9082a4a3-03e3-45e9-b56a-37051f29fb56",
            "c6a194cf-3da2-4041-9ad3-50ed7db1e29d"
        ],
        "access": [],
        "_properties": {
            "count": 4,
            "href": "https://drugs.ncats.io/api/v1/structures(000549c4-7e79-45f4-aea7-1a5bf27b2e6e)/properties"
        }
    },
    {
        "id": "00056590-95f1-4deb-96a9-a5568c66cc11",
        "created": 1624722098000,
        "lastEdited": 1624722098000,
        "deprecated": false,
        "digest": "5b4ffafbb66021df56b6d61addc8a08c248dcfa7",
        "molfile": "\n  Marvin  01132100192D          \n\n 20 20  0  0  0  0            999 V2000\n   12.4931   -9.2308    0.0000 C   0  0  0  0  0  0  0  0  0  0  0  0\n   11.7787   -9.6432    0.0000 C   0  0  0  0  0  0  0  0  0  0  0  0\n   11.0642   -9.2308    0.0000 N   0  0  0  0  0  0  0  0  0  0  0  0\n   11.0642   -8.4058    0.0000 C   0  0  0  0  0  0  0  0  0  0  0  0\n   11.7787   -7.9933    0.0000 C   0  0  0  0  0  0  0  0  0  0  0  0\n   10.3497   -9.6432    0.0000 C   0  0  0  0  0  0  0  0  0  0  0  0\n    9.6353   -9.2308    0.0000 C   0  0  0  0  0  0  0  0  0  0  0  0\n    8.9208   -9.6433    0.0000 O   0  0  0  0  0  0  0  0  0  0  0  0\n    8.2063   -9.2308    0.0000 C   0  0  0  0  0  0  0  0  0  0  0  0\n    8.2063   -8.4058    0.0000 O   0  0  0  0  0  0  0  0  0  0  0  0\n    7.4919   -9.6433    0.0000 C   0  0  0  0  0  0  0  0  0  0  0  0\n    7.4919  -10.4683    0.0000 C   0  0  0  0  0  0  0  0  0  0  0  0\n    6.7774  -10.8808    0.0000 C   0  0  0  0  0  0  0  0  0  0  0  0\n    6.0629  -10.4683    0.0000 C   0  0  0  0  0  0  0  0  0  0  0  0\n    6.0629   -9.6433    0.0000 C   0  0  0  0  0  0  0  0  0  0  0  0\n    6.7774   -9.2308    0.0000 C   0  0  0  0  0  0  0  0  0  0  0  0\n    6.7774   -8.4058    0.0000 O   0  0  0  0  0  0  0  0  0  0  0  0\n    6.0629   -7.9933    0.0000 C   0  0  0  0  0  0  0  0  0  0  0  0\n    5.3484   -8.4058    0.0000 C   0  0  0  0  0  0  0  0  0  0  0  0\n    6.0629   -7.1683    0.0000 O   0  0  0  0  0  0  0  0  0  0  0  0\n  2  1  1  0  0  0  0\n  3  2  1  0  0  0  0\n  3  4  1  0  0  0  0\n  6  3  1  0  0  0  0\n  4  5  1  0  0  0  0\n  7  6  1  0  0  0  0\n  8  7  1  0  0  0  0\n  9  8  1  0  0  0  0\n  9 10  2  0  0  0  0\n  9 11  1  0  0  0  0\n 11 12  1  0  0  0  0\n 11 16  2  0  0  0  0\n 12 13  2  0  0  0  0\n 13 14  1  0  0  0  0\n 15 14  2  0  0  0  0\n 16 15  1  0  0  0  0\n 16 17  1  0  0  0  0\n 17 18  1  0  0  0  0\n 18 19  1  0  0  0  0\n 18 20  2  0  0  0  0\nM  END",
        "smiles": "CCN(CC)CCOC(=O)c1ccccc1OC(=O)C",
        "formula": "C15H21NO4",
        "opticalActivity": "NONE",
        "atropisomerism": "No",
        "stereoCenters": 0,
        "definedStereo": 0,
        "ezCenters": 0,
        "charge": 0,
        "mwt": 279.3321,
        "count": 1,
        "createdBy": "admin",
        "lastEditedBy": "admin",
        "self": "https://drugs.ncats.io/api/v1/structures(00056590-95f1-4deb-96a9-a5568c66cc11)?view=full",
        "stereochemistry": "ACHIRAL",
        "references": [],
        "access": [],
        "_properties": {
            "count": 4,
            "href": "https://drugs.ncats.io/api/v1/structures(00056590-95f1-4deb-96a9-a5568c66cc11)/properties"
        }
    },
    {
        "id": "0005688c-b1df-4751-a921-168a7ef1c3c8",
        "created": 1624655234000,
        "lastEdited": 1624655234000,
        "deprecated": false,
        "digest": "a187e29c1396c7491cee9328552b1e3e40e83728",
        "molfile": "\n  Marvin  01132100192D          \n\n  9  9  0  0  0  0            999 V2000\n    4.9048   -2.1588    0.0000 C   0  0  0  0  0  0  0  0  0  0  0  0\n    4.9048   -1.3335    0.0000 C   0  0  0  0  0  0  0  0  0  0  0  0\n    4.1990   -2.5795    0.0000 C   0  0  0  0  0  0  0  0  0  0  0  0\n    5.4497   -2.4807    0.0000 O   0  0  0  0  0  0  0  0  0  0  0  0\n    4.1990   -0.9219    0.0000 C   0  0  0  0  0  0  0  0  0  0  0  0\n    3.4840   -2.1588    0.0000 C   0  0  0  0  0  0  0  0  0  0  0  0\n    3.4840   -1.3335    0.0000 C   0  0  0  0  0  0  0  0  0  0  0  0\n    4.2058   -0.3219    0.0000 O   0  0  0  0  0  0  0  0  0  0  0  0\n    2.9574   -2.4807    0.0000 O   0  0  0  0  0  0  0  0  0  0  0  0\n  1  2  2  0  0  0  0\n  1  3  1  0  0  0  0\n  1  4  1  0  0  0  0\n  2  5  1  0  0  0  0\n  3  6  2  0  0  0  0\n  5  7  2  0  0  0  0\n  5  8  1  0  0  0  0\n  6  9  1  0  0  0  0\n  6  7  1  0  0  0  0\nM  END",
        "smiles": "c1c(cc(cc1O)O)O",
        "formula": "C6H6O3",
        "opticalActivity": "NONE",
        "atropisomerism": "No",
        "stereoCenters": 0,
        "definedStereo": 0,
        "ezCenters": 0,
        "charge": 0,
        "mwt": 126.1103,
        "count": 1,
        "createdBy": "admin",
        "lastEditedBy": "admin",
        "self": "https://drugs.ncats.io/api/v1/structures(0005688c-b1df-4751-a921-168a7ef1c3c8)?view=full",
        "stereochemistry": "ACHIRAL",
        "references": [
            "7cc6a990-9a41-4cb8-b313-4ae34e542b11",
            "bbf582f4-86f8-4997-a39c-88c0b125d220"
        ],
        "access": [],
        "_properties": {
            "count": 4,
            "href": "https://drugs.ncats.io/api/v1/structures(0005688c-b1df-4751-a921-168a7ef1c3c8)/properties"
        }
    }
]